{
 "cells": [
  {
   "attachments": {},
   "cell_type": "markdown",
   "metadata": {},
   "source": [
    "# 模型加载与保存"
   ]
  },
  {
   "cell_type": "code",
   "execution_count": 1,
   "metadata": {},
   "outputs": [],
   "source": [
    "from transformers import AutoConfig, AutoModel, AutoTokenizer"
   ]
  },
  {
   "cell_type": "markdown",
   "metadata": {},
   "source": [
    "## 学术资源加速"
   ]
  },
  {
   "cell_type": "code",
   "execution_count": 5,
   "metadata": {},
   "outputs": [],
   "source": [
    "import subprocess\n",
    "import os\n",
    "\n",
    "result = subprocess.run('bash -c \"source /etc/network_turbo && env | grep proxy\"', shell=True, capture_output=True, text=True)\n",
    "output = result.stdout\n",
    "for line in output.splitlines():\n",
    "    if '=' in line:\n",
    "        var, value = line.split('=', 1)\n",
    "        os.environ[var] = value"
   ]
  },
  {
   "attachments": {},
   "cell_type": "markdown",
   "metadata": {},
   "source": [
    "## 在线加载"
   ]
  },
  {
   "cell_type": "code",
   "execution_count": 3,
   "metadata": {},
   "outputs": [
    {
     "data": {
      "application/vnd.jupyter.widget-view+json": {
       "model_id": "b5859355851e44638b9e9a88594632a9",
       "version_major": 2,
       "version_minor": 0
      },
      "text/plain": [
       "config.json:   0%|          | 0.00/828 [00:00<?, ?B/s]"
      ]
     },
     "metadata": {},
     "output_type": "display_data"
    },
    {
     "data": {
      "application/vnd.jupyter.widget-view+json": {
       "model_id": "908524dc39524ddf8c5f23eb8e27f392",
       "version_major": 2,
       "version_minor": 0
      },
      "text/plain": [
       "config.json:   0%|          | 0.00/828 [00:00<?, ?B/s]"
      ]
     },
     "metadata": {},
     "output_type": "display_data"
    },
    {
     "data": {
      "application/vnd.jupyter.widget-view+json": {
       "model_id": "185a55cf3aed486db04905f9737c8fb0",
       "version_major": 2,
       "version_minor": 0
      },
      "text/plain": [
       "pytorch_model.bin:   0%|          | 0.00/156M [00:00<?, ?B/s]"
      ]
     },
     "metadata": {},
     "output_type": "display_data"
    }
   ],
   "source": [
    "model = AutoModel.from_pretrained(\"hfl/rbt3\", force_download=True)"
   ]
  },
  {
   "attachments": {},
   "cell_type": "markdown",
   "metadata": {},
   "source": [
    "## 模型下载"
   ]
  },
  {
   "cell_type": "code",
   "execution_count": 6,
   "metadata": {},
   "outputs": [
    {
     "name": "stdout",
     "output_type": "stream",
     "text": [
      "Cloning into 'rbt3'...\n",
      "remote: Enumerating objects: 48, done.\u001b[K\n",
      "remote: Total 48 (delta 0), reused 0 (delta 0), pack-reused 48\u001b[K\n",
      "Unpacking objects: 100% (48/48), 156.45 KiB | 618.00 KiB/s, done.\n"
     ]
    }
   ],
   "source": [
    "!git clone \"https://huggingface.co/hfl/rbt3\""
   ]
  },
  {
   "attachments": {},
   "cell_type": "markdown",
   "metadata": {},
   "source": [
    "## 离线加载"
   ]
  },
  {
   "cell_type": "code",
   "execution_count": 8,
   "metadata": {},
   "outputs": [],
   "source": [
    "model = AutoModel.from_pretrained(\"/root/transformers/classmodel/rbt3\")"
   ]
  },
  {
   "attachments": {},
   "cell_type": "markdown",
   "metadata": {},
   "source": [
    "## 模型加载参数"
   ]
  },
  {
   "cell_type": "code",
   "execution_count": 9,
   "metadata": {},
   "outputs": [],
   "source": [
    "model = AutoModel.from_pretrained(\"/root/transformers/classmodel/rbt3\")"
   ]
  },
  {
   "cell_type": "code",
   "execution_count": 10,
   "metadata": {},
   "outputs": [
    {
     "data": {
      "text/plain": [
       "BertConfig {\n",
       "  \"_name_or_path\": \"/root/transformers/classmodel/rbt3\",\n",
       "  \"architectures\": [\n",
       "    \"BertForMaskedLM\"\n",
       "  ],\n",
       "  \"attention_probs_dropout_prob\": 0.1,\n",
       "  \"classifier_dropout\": null,\n",
       "  \"directionality\": \"bidi\",\n",
       "  \"hidden_act\": \"gelu\",\n",
       "  \"hidden_dropout_prob\": 0.1,\n",
       "  \"hidden_size\": 768,\n",
       "  \"initializer_range\": 0.02,\n",
       "  \"intermediate_size\": 3072,\n",
       "  \"layer_norm_eps\": 1e-12,\n",
       "  \"max_position_embeddings\": 512,\n",
       "  \"model_type\": \"bert\",\n",
       "  \"num_attention_heads\": 12,\n",
       "  \"num_hidden_layers\": 3,\n",
       "  \"output_past\": true,\n",
       "  \"pad_token_id\": 0,\n",
       "  \"pooler_fc_size\": 768,\n",
       "  \"pooler_num_attention_heads\": 12,\n",
       "  \"pooler_num_fc_layers\": 3,\n",
       "  \"pooler_size_per_head\": 128,\n",
       "  \"pooler_type\": \"first_token_transform\",\n",
       "  \"position_embedding_type\": \"absolute\",\n",
       "  \"transformers_version\": \"4.35.2\",\n",
       "  \"type_vocab_size\": 2,\n",
       "  \"use_cache\": true,\n",
       "  \"vocab_size\": 21128\n",
       "}"
      ]
     },
     "execution_count": 10,
     "metadata": {},
     "output_type": "execute_result"
    }
   ],
   "source": [
    "model.config"
   ]
  },
  {
   "cell_type": "code",
   "execution_count": 11,
   "metadata": {},
   "outputs": [
    {
     "data": {
      "text/plain": [
       "BertConfig {\n",
       "  \"_name_or_path\": \"/root/transformers/classmodel/rbt3\",\n",
       "  \"architectures\": [\n",
       "    \"BertForMaskedLM\"\n",
       "  ],\n",
       "  \"attention_probs_dropout_prob\": 0.1,\n",
       "  \"classifier_dropout\": null,\n",
       "  \"directionality\": \"bidi\",\n",
       "  \"hidden_act\": \"gelu\",\n",
       "  \"hidden_dropout_prob\": 0.1,\n",
       "  \"hidden_size\": 768,\n",
       "  \"initializer_range\": 0.02,\n",
       "  \"intermediate_size\": 3072,\n",
       "  \"layer_norm_eps\": 1e-12,\n",
       "  \"max_position_embeddings\": 512,\n",
       "  \"model_type\": \"bert\",\n",
       "  \"num_attention_heads\": 12,\n",
       "  \"num_hidden_layers\": 3,\n",
       "  \"output_past\": true,\n",
       "  \"pad_token_id\": 0,\n",
       "  \"pooler_fc_size\": 768,\n",
       "  \"pooler_num_attention_heads\": 12,\n",
       "  \"pooler_num_fc_layers\": 3,\n",
       "  \"pooler_size_per_head\": 128,\n",
       "  \"pooler_type\": \"first_token_transform\",\n",
       "  \"position_embedding_type\": \"absolute\",\n",
       "  \"transformers_version\": \"4.35.2\",\n",
       "  \"type_vocab_size\": 2,\n",
       "  \"use_cache\": true,\n",
       "  \"vocab_size\": 21128\n",
       "}"
      ]
     },
     "execution_count": 11,
     "metadata": {},
     "output_type": "execute_result"
    }
   ],
   "source": [
    "config = AutoConfig.from_pretrained(\"/root/transformers/classmodel/rbt3\")\n",
    "config"
   ]
  },
  {
   "attachments": {},
   "cell_type": "markdown",
   "metadata": {},
   "source": [
    "# 模型调用"
   ]
  },
  {
   "cell_type": "code",
   "execution_count": 23,
   "metadata": {},
   "outputs": [
    {
     "data": {
      "text/plain": [
       "{'input_ids': tensor([[ 101, 4696,  679, 7231, 8013,  102]]), 'token_type_ids': tensor([[0, 0, 0, 0, 0, 0]]), 'attention_mask': tensor([[1, 1, 1, 1, 1, 1]])}"
      ]
     },
     "execution_count": 23,
     "metadata": {},
     "output_type": "execute_result"
    }
   ],
   "source": [
    "sen = \"今天天气不错，我的心情也不错！\"\n",
    "tokenizer = AutoTokenizer.from_pretrained(\"/root/transformers/classmodel/rbt3\")\n",
    "inputs = tokenizer(sen, return_tensors=\"pt\")\n",
    "inputs"
   ]
  },
  {
   "attachments": {},
   "cell_type": "markdown",
   "metadata": {},
   "source": [
    "## 不带Model Head的模型调用"
   ]
  },
  {
   "cell_type": "code",
   "execution_count": 24,
   "metadata": {},
   "outputs": [],
   "source": [
    "model = AutoModel.from_pretrained(\"/root/transformers/classmodel/rbt3\", output_attentions=True)"
   ]
  },
  {
   "cell_type": "code",
   "execution_count": 25,
   "metadata": {},
   "outputs": [
    {
     "data": {
      "text/plain": [
       "BaseModelOutputWithPoolingAndCrossAttentions(last_hidden_state=tensor([[[ 0.3299,  0.8761,  1.1550,  ..., -0.2296,  0.3674,  0.1555],\n",
       "         [ 0.6773, -0.5668,  0.0701,  ..., -0.3799, -0.2055, -0.2795],\n",
       "         [ 0.0841, -0.0825,  0.5001,  ..., -0.3421, -0.8017,  0.3085],\n",
       "         [ 0.0224,  0.4439, -0.1954,  ..., -0.0618, -0.2570, -0.1142],\n",
       "         [ 0.1476,  0.7324, -0.2727,  ..., -0.1874,  0.1372, -0.3034],\n",
       "         [ 0.3260,  0.8858,  1.1529,  ..., -0.2277,  0.3656,  0.1587]]],\n",
       "       grad_fn=<NativeLayerNormBackward0>), pooler_output=tensor([[ 2.3760e-02, -9.9773e-01, -9.9995e-01, -7.9692e-01,  9.9645e-01,\n",
       "          1.8497e-01, -2.9150e-01, -1.9350e-02,  9.9650e-01,  9.9989e-01,\n",
       "          1.6279e-01, -1.0000e+00, -3.5968e-02,  9.9875e-01, -9.9999e-01,\n",
       "          9.9879e-01,  9.9744e-01,  8.8014e-01, -9.8801e-01,  8.8588e-03,\n",
       "         -9.3252e-01, -7.1405e-01,  2.3119e-01,  9.7772e-01,  9.9352e-01,\n",
       "         -9.9826e-01, -9.9987e-01, -7.6323e-02, -8.6268e-01, -9.9992e-01,\n",
       "         -9.9651e-01, -9.9993e-01,  2.0794e-01, -4.4020e-02,  9.9034e-01,\n",
       "         -8.9325e-01, -8.9203e-02, -9.5012e-01, -9.9264e-01, -9.9971e-01,\n",
       "         -1.5443e-01,  9.9678e-01, -6.9741e-02,  9.9944e-01, -1.5610e-02,\n",
       "         -8.7840e-02,  9.9996e-01,  9.8894e-01, -1.9334e-01, -7.7884e-02,\n",
       "         -1.5215e-01,  1.4337e-01, -9.9133e-01,  9.9767e-01,  2.1041e-01,\n",
       "         -1.9095e-01,  9.9934e-01, -9.9998e-01, -9.9974e-01,  9.9081e-01,\n",
       "         -9.9569e-01,  9.9944e-01,  9.9940e-01,  9.9744e-01, -9.7497e-01,\n",
       "          9.9997e-01,  9.9692e-01,  9.5750e-01, -1.6363e-01, -9.9999e-01,\n",
       "          8.3246e-01, -9.2997e-01, -9.9976e-01, -3.9513e-01, -1.9660e-01,\n",
       "         -9.9923e-01,  9.9859e-01, -1.2881e-01,  9.9966e-01,  1.7541e-01,\n",
       "         -9.9926e-01, -4.0108e-02, -2.8871e-01,  2.3881e-01,  9.9737e-01,\n",
       "          9.9997e-01, -1.9434e-03, -9.9067e-01, -4.9444e-01, -9.9761e-01,\n",
       "         -5.7424e-01,  9.9815e-01,  9.9994e-01, -9.9998e-01,  9.9994e-01,\n",
       "         -7.1623e-01,  4.3976e-01,  2.2291e-01, -9.9392e-01,  9.8971e-01,\n",
       "          6.2922e-02, -3.3385e-01,  9.9997e-01,  9.9840e-01,  1.6423e-01,\n",
       "         -9.9875e-01, -9.9584e-01,  9.9976e-01, -9.9982e-01, -8.1842e-02,\n",
       "          1.0000e+00,  9.1095e-01,  1.0000e+00,  9.9970e-01,  9.9977e-01,\n",
       "         -9.9991e-01,  6.4903e-02, -1.6012e-02, -9.9784e-01,  9.9524e-01,\n",
       "         -9.3642e-01, -1.2314e-01, -7.7622e-01,  1.0731e-02,  1.1515e-03,\n",
       "         -9.9982e-01,  8.2940e-02,  1.3749e-01, -9.8253e-01, -9.9668e-01,\n",
       "         -9.9885e-01, -9.9977e-01,  6.9728e-01,  7.2881e-01,  5.8358e-01,\n",
       "          1.3425e-02,  1.4923e-01, -3.0246e-01, -1.0000e+00, -9.9994e-01,\n",
       "         -9.9994e-01,  7.6116e-01, -6.9840e-01,  9.9458e-01, -9.9815e-01,\n",
       "          9.9987e-01, -9.9973e-01,  9.9992e-01,  9.5743e-01,  7.7268e-02,\n",
       "         -4.3778e-01,  1.1681e-01, -9.9805e-01,  5.7019e-02, -3.1970e-02,\n",
       "          9.8821e-01,  9.7433e-01,  9.4121e-01, -8.3062e-01,  9.9999e-01,\n",
       "         -9.9463e-01,  9.8063e-01,  1.5780e-01,  9.9953e-01,  1.0000e+00,\n",
       "         -9.9971e-01, -1.6502e-01, -1.0000e+00, -2.1561e-01, -1.3159e-01,\n",
       "          9.9823e-01,  9.9671e-01,  8.7431e-01,  9.9905e-01, -5.3535e-01,\n",
       "         -9.9960e-01,  9.5095e-01, -9.9994e-01,  7.4362e-01,  1.0000e+00,\n",
       "         -2.3751e-02,  1.3610e-01,  9.9999e-01, -8.3439e-01,  9.9518e-01,\n",
       "         -1.2064e-01, -1.1854e-02, -9.9477e-01,  2.8407e-01,  9.7412e-01,\n",
       "          9.1610e-01, -9.9764e-01,  1.0081e-01,  9.9885e-01,  2.3754e-01,\n",
       "          5.6561e-02, -9.9207e-01, -9.9289e-01,  9.9993e-01,  9.9864e-01,\n",
       "         -3.2523e-01, -1.9245e-01,  1.0000e+00, -2.7369e-01,  9.9996e-01,\n",
       "          3.9864e-01,  8.6807e-01, -3.2427e-01,  9.9949e-01, -1.3311e-02,\n",
       "          9.7675e-01, -7.8708e-02,  9.9970e-01, -7.5220e-01, -9.9948e-01,\n",
       "          1.0470e-01,  9.7369e-01,  1.0670e-01, -9.6199e-01,  4.0561e-01,\n",
       "         -2.6842e-01,  9.9994e-01,  4.9015e-02, -9.8308e-01,  9.9916e-01,\n",
       "         -9.9565e-01,  9.2986e-01, -1.0000e+00, -9.9853e-01,  9.9794e-01,\n",
       "         -9.3468e-02, -1.0000e+00,  7.3885e-01,  9.9999e-01, -8.5791e-01,\n",
       "          9.9848e-01, -3.1022e-01, -9.9977e-01, -1.1846e-01, -1.6322e-01,\n",
       "         -1.0000e+00, -9.9687e-01, -1.0000e+00, -9.0874e-01, -1.5714e-01,\n",
       "          9.9373e-01, -1.0000e+00,  3.3914e-02, -9.9990e-01,  9.9189e-01,\n",
       "          9.9979e-01,  1.1188e-01, -2.2650e-01,  9.9999e-01, -7.6487e-01,\n",
       "          7.3372e-02, -6.8875e-01, -2.3600e-01,  1.0973e-01,  9.6064e-01,\n",
       "          4.0548e-01,  9.9971e-01, -9.9951e-01,  5.4645e-01,  1.0864e-02,\n",
       "         -9.9930e-01, -9.4708e-02,  9.1637e-01,  2.9611e-01,  1.7032e-01,\n",
       "         -1.5185e-01,  1.1374e-01,  9.2235e-01,  9.9303e-01,  1.0000e+00,\n",
       "          9.8657e-01,  9.9997e-01,  9.9999e-01, -2.0291e-01, -9.8550e-01,\n",
       "         -2.6589e-02, -2.7725e-01, -1.0000e+00, -9.9319e-01, -9.9930e-01,\n",
       "          9.9039e-01, -4.4352e-02,  1.0000e+00, -9.9998e-01,  9.9999e-01,\n",
       "         -9.8475e-01, -2.8827e-01, -3.2277e-01, -1.3030e-02, -6.4246e-01,\n",
       "          6.4470e-02,  9.6635e-01,  8.4219e-02,  9.2110e-01,  9.9756e-01,\n",
       "         -2.1540e-01, -2.2502e-01,  2.0263e-01,  6.0489e-02,  9.9808e-01,\n",
       "         -9.9573e-01,  9.9199e-01,  2.3489e-01,  9.9728e-01, -5.1082e-02,\n",
       "         -9.9997e-01,  9.9963e-01, -9.9897e-01, -4.4546e-01, -9.9907e-01,\n",
       "         -9.6168e-01,  3.4069e-02, -9.9794e-01,  9.3717e-01,  9.9565e-01,\n",
       "         -8.1652e-02,  7.5693e-02, -9.9998e-01, -8.5778e-01,  9.9894e-01,\n",
       "          9.9995e-01, -9.9996e-01,  9.9852e-01,  8.4245e-01, -5.9549e-01,\n",
       "          1.9902e-01,  9.1717e-01, -9.9935e-01,  9.9826e-01, -9.9995e-01,\n",
       "         -2.5225e-01,  9.9816e-01,  7.4428e-02, -9.9957e-01, -6.0129e-01,\n",
       "         -4.9246e-02,  9.1236e-01, -6.8332e-02,  1.0000e+00, -5.3071e-02,\n",
       "         -1.8892e-01, -9.9931e-01, -9.5391e-01, -8.2903e-01, -8.8737e-02,\n",
       "          9.9975e-01, -9.9987e-01,  6.0991e-01,  9.9873e-01, -9.9995e-01,\n",
       "         -3.4708e-01, -2.0553e-01,  6.9268e-02, -5.3647e-02, -9.8939e-01,\n",
       "         -9.9991e-01, -9.9988e-01,  9.9903e-01, -2.1930e-01, -2.7637e-01,\n",
       "          9.9813e-01,  9.9977e-01,  9.9987e-01, -9.9924e-01,  5.2311e-02,\n",
       "          9.9961e-01,  5.4985e-02, -2.6234e-01, -8.4825e-01,  2.1849e-01,\n",
       "         -8.9031e-01, -9.1146e-01, -1.3381e-01, -2.1468e-01, -3.9597e-01,\n",
       "         -9.9875e-01,  9.9992e-01,  9.9908e-01,  1.0000e+00, -9.7788e-02,\n",
       "         -9.6580e-01,  8.8119e-01, -8.7719e-01, -9.9794e-01, -2.8076e-01,\n",
       "          9.9981e-01, -9.9814e-01,  2.2828e-01, -3.3038e-01, -9.3665e-01,\n",
       "          9.9956e-01, -9.9961e-01,  9.9060e-02, -1.0000e+00, -9.9901e-01,\n",
       "         -1.0000e+00,  9.9977e-01, -3.6808e-02,  3.0322e-02, -9.9383e-01,\n",
       "          1.0000e+00,  9.4246e-01, -8.2493e-01, -2.9148e-01,  9.9977e-01,\n",
       "         -3.4303e-01, -9.3261e-01, -9.9998e-01, -9.8463e-01,  9.9135e-01,\n",
       "          1.9379e-01,  9.9998e-01,  4.9815e-01, -9.9963e-01,  9.2528e-01,\n",
       "          9.9682e-01, -2.3089e-01, -9.9644e-01, -9.9580e-01,  1.7897e-01,\n",
       "          5.8003e-02, -3.3250e-01, -3.2773e-02, -1.0199e-01,  9.9998e-01,\n",
       "         -4.8598e-04,  2.5537e-01, -6.8334e-02,  9.9997e-01,  9.0756e-01,\n",
       "         -9.9712e-01, -7.9295e-01,  1.1806e-03, -9.9606e-01, -9.9900e-01,\n",
       "         -9.9949e-01, -1.3798e-01, -3.7369e-01,  1.4627e-02, -9.9381e-01,\n",
       "         -9.9944e-01, -9.9983e-01,  8.0081e-02, -9.5266e-01, -9.8933e-01,\n",
       "         -4.2705e-02, -9.9969e-01, -9.8503e-01,  9.9808e-01, -9.9982e-01,\n",
       "          1.6819e-01,  9.9656e-01,  9.8571e-01, -9.9996e-01, -1.0374e-02,\n",
       "          9.9609e-01, -9.8701e-01,  4.0534e-01, -9.7705e-01,  1.2407e-01,\n",
       "         -9.5345e-01, -1.0000e+00,  2.5288e-01,  9.9887e-01,  9.9701e-01,\n",
       "          9.9808e-01,  9.6252e-01, -9.0233e-01,  9.6670e-01,  9.9962e-01,\n",
       "          9.9999e-01, -1.2935e-01, -2.4868e-01, -1.0000e+00,  3.3084e-01,\n",
       "          7.9473e-01,  4.9608e-01,  9.0874e-01, -9.9894e-01, -3.2783e-01,\n",
       "         -8.5673e-01,  8.1266e-02,  1.0000e+00,  9.9648e-01,  4.1473e-01,\n",
       "         -9.9998e-01,  2.8487e-01, -3.6472e-01, -2.3214e-01, -9.8530e-01,\n",
       "          2.5557e-01,  9.9995e-01, -9.7868e-01, -3.8110e-01, -9.9794e-01,\n",
       "         -9.9919e-01,  9.9982e-01, -9.9990e-01,  9.9999e-01,  9.8959e-01,\n",
       "         -8.8194e-01,  2.5204e-01, -9.8712e-01,  2.9936e-01, -5.8494e-02,\n",
       "         -2.4114e-03, -2.2694e-01,  3.3662e-01, -9.9997e-01,  1.2373e-01,\n",
       "          9.9909e-01,  8.3659e-02, -9.6234e-01, -9.9956e-01, -1.7048e-02,\n",
       "          9.9244e-01, -9.9634e-01, -9.9995e-01, -2.6927e-01,  8.0832e-02,\n",
       "          3.5748e-01,  4.7294e-01,  2.9178e-01,  3.6717e-01, -9.8910e-01,\n",
       "          9.2326e-02,  9.7904e-01, -8.3094e-01,  8.8978e-01, -9.3544e-01,\n",
       "         -9.5367e-01, -2.6019e-01,  9.9886e-01,  9.9694e-01, -9.9976e-01,\n",
       "         -9.9984e-01, -8.4491e-01, -4.2485e-02, -9.3833e-01,  9.9207e-01,\n",
       "         -8.2938e-03, -9.9562e-01,  1.4322e-01,  4.3187e-02, -4.3475e-02,\n",
       "         -7.8098e-01,  9.9998e-01, -9.9018e-01,  1.0000e+00, -1.0000e+00,\n",
       "         -9.9877e-01,  3.6501e-01,  9.9998e-01, -9.9997e-01,  2.7742e-02,\n",
       "          9.8408e-01, -9.9997e-01, -1.3577e-01, -7.8587e-01,  3.0361e-01,\n",
       "         -2.0375e-01,  9.8496e-03,  9.5062e-01, -9.9851e-01,  1.5408e-01,\n",
       "         -9.9944e-01,  9.5862e-01,  9.8462e-01, -9.9940e-01, -5.7962e-01,\n",
       "         -9.9998e-01, -1.4266e-01, -6.7715e-02, -9.9995e-01,  9.7508e-01,\n",
       "          9.9998e-01, -3.0470e-01,  2.6192e-01, -9.9977e-01, -3.1116e-01,\n",
       "         -9.2506e-02, -9.9657e-01,  5.7707e-02, -9.9990e-01, -2.8888e-02,\n",
       "         -9.9725e-01,  9.9954e-01, -9.9999e-01,  9.8129e-01,  9.9756e-01,\n",
       "         -6.6637e-02, -6.5125e-01,  5.1233e-02, -3.1114e-01, -9.9977e-01,\n",
       "         -2.2626e-01, -9.9610e-01, -9.9536e-01,  1.9914e-02,  9.9998e-01,\n",
       "          9.4968e-01,  1.7409e-01,  9.7440e-01, -9.9028e-01, -1.5330e-01,\n",
       "         -2.3772e-01,  7.9982e-01,  1.0000e+00, -9.9866e-01, -9.9888e-01,\n",
       "          9.9781e-01, -9.9977e-01, -9.8666e-01,  1.0000e+00,  2.9433e-01,\n",
       "          9.9994e-01, -4.4525e-03, -9.9853e-01,  2.7875e-01,  2.1470e-03,\n",
       "          9.9898e-01, -4.5538e-01,  6.1529e-02,  9.9909e-01,  4.3433e-02,\n",
       "          1.9421e-01,  1.8573e-01,  9.6653e-01, -3.9093e-02, -5.0336e-01,\n",
       "          9.8382e-01, -9.9204e-01, -9.9561e-01, -9.9977e-01,  3.3668e-01,\n",
       "         -1.7456e-01,  3.1829e-01, -2.1576e-03,  5.9756e-01,  9.9965e-01,\n",
       "         -9.9749e-01,  9.6556e-01, -1.0000e+00, -9.9992e-01,  9.3415e-03,\n",
       "          3.9982e-01,  9.9705e-01,  1.8608e-03, -9.9358e-01, -4.5137e-01,\n",
       "         -9.9517e-01,  9.8978e-01, -9.8677e-01,  9.9413e-01, -1.5302e-01,\n",
       "          1.4160e-01,  9.9995e-01,  9.9836e-01,  7.7530e-02, -9.9673e-01,\n",
       "         -8.9965e-01,  1.3907e-01, -9.9744e-01,  9.9970e-01, -1.7279e-01,\n",
       "         -8.3651e-02,  5.4957e-02,  2.7119e-01, -9.9978e-01, -9.9191e-01,\n",
       "          3.7625e-01,  9.8308e-01, -9.9849e-01,  8.2105e-01, -9.9450e-01,\n",
       "          9.9962e-01,  9.9979e-01,  1.0000e+00,  2.3536e-02,  8.7226e-01,\n",
       "         -9.9789e-01, -9.9938e-01,  9.9168e-01,  9.7392e-01,  9.9999e-01,\n",
       "          9.8522e-01,  9.1303e-01,  3.0525e-01, -9.9984e-01,  9.6130e-01,\n",
       "          3.4386e-01, -1.6211e-01,  1.4141e-01, -8.3817e-01, -9.9990e-01,\n",
       "          9.9999e-01, -9.9999e-01, -9.9924e-01, -4.8106e-01, -9.9838e-01,\n",
       "          9.9611e-01,  8.0178e-01,  9.9534e-01,  6.4085e-01, -9.9864e-01,\n",
       "         -9.9727e-01, -2.3160e-01, -9.7999e-01, -9.9641e-01,  1.6709e-01,\n",
       "         -1.0000e+00, -1.0385e-02,  3.3378e-01, -9.7509e-01, -3.8623e-01,\n",
       "         -9.2922e-01,  1.8362e-01,  9.9848e-01, -6.6866e-01,  9.1038e-01,\n",
       "         -9.6579e-01, -9.9962e-01,  1.7735e-01, -9.9997e-01,  9.8384e-01,\n",
       "          1.0000e+00, -1.6213e-01,  9.7850e-01, -9.0667e-01,  1.2217e-01,\n",
       "         -9.9999e-01, -9.9999e-01,  8.7128e-01,  9.9946e-01,  1.0102e-01,\n",
       "         -9.9855e-01,  1.5214e-01, -9.9987e-01, -2.8880e-01,  5.7587e-01,\n",
       "          9.9336e-01, -9.9998e-01,  9.9947e-01, -6.4215e-01,  1.2852e-01,\n",
       "          9.8215e-01, -1.0000e+00,  8.4377e-01, -9.9904e-01,  9.9924e-01,\n",
       "         -1.0000e+00,  9.9885e-01,  9.1444e-02,  2.1949e-01,  3.0374e-01,\n",
       "          9.7917e-01, -9.9957e-01, -1.9862e-01,  9.8820e-01,  9.9878e-01,\n",
       "         -4.6083e-01,  9.8808e-01,  2.5509e-02]], grad_fn=<TanhBackward0>), hidden_states=None, past_key_values=None, attentions=(tensor([[[[5.6623e-01, 8.2719e-04, 7.1828e-04, 3.0170e-04, 3.7589e-04,\n",
       "           4.3154e-01],\n",
       "          [1.0803e-02, 1.0227e-01, 1.1626e-01, 2.4532e-01, 5.2110e-01,\n",
       "           4.2390e-03],\n",
       "          [4.1117e-02, 1.4175e-01, 2.8284e-01, 2.3116e-01, 2.9142e-01,\n",
       "           1.1724e-02],\n",
       "          [3.2763e-02, 1.7774e-01, 8.3885e-02, 1.2232e-01, 5.7365e-01,\n",
       "           9.6361e-03],\n",
       "          [9.1095e-02, 8.2052e-02, 7.2211e-02, 6.6084e-02, 6.5778e-01,\n",
       "           3.0778e-02],\n",
       "          [6.0973e-01, 1.3369e-03, 1.1642e-03, 7.6050e-04, 1.2266e-03,\n",
       "           3.8578e-01]],\n",
       "\n",
       "         [[9.9033e-01, 1.6400e-04, 3.9820e-04, 6.6637e-05, 1.4616e-03,\n",
       "           7.5785e-03],\n",
       "          [6.0490e-01, 2.8179e-03, 3.8655e-01, 6.5459e-05, 5.7864e-04,\n",
       "           5.0861e-03],\n",
       "          [2.6577e-02, 1.1240e-02, 3.3054e-06, 9.6199e-01, 3.8551e-05,\n",
       "           1.5529e-04],\n",
       "          [5.0925e-02, 1.1573e-07, 9.4090e-01, 7.5109e-05, 6.8659e-03,\n",
       "           1.2339e-03],\n",
       "          [3.3378e-01, 1.7982e-05, 1.6272e-05, 1.5699e-03, 5.0736e-04,\n",
       "           6.6411e-01],\n",
       "          [6.2867e-01, 1.4815e-04, 5.2162e-04, 9.6351e-05, 3.6776e-01,\n",
       "           2.8123e-03]],\n",
       "\n",
       "         [[1.9693e-01, 1.5075e-01, 6.0829e-02, 6.5034e-02, 1.6201e-01,\n",
       "           3.6445e-01],\n",
       "          [6.0099e-01, 1.7342e-01, 1.6482e-02, 2.0909e-02, 3.8216e-02,\n",
       "           1.4998e-01],\n",
       "          [5.5187e-01, 1.1895e-01, 1.4440e-01, 3.1684e-02, 3.9248e-02,\n",
       "           1.1385e-01],\n",
       "          [2.4549e-01, 3.5983e-01, 8.8292e-02, 1.2554e-01, 6.2897e-02,\n",
       "           1.1795e-01],\n",
       "          [1.0298e-01, 3.9000e-01, 1.1757e-01, 5.4665e-02, 1.2193e-01,\n",
       "           2.1286e-01],\n",
       "          [7.2183e-02, 1.8458e-01, 1.3166e-01, 1.1257e-01, 2.1010e-01,\n",
       "           2.8891e-01]],\n",
       "\n",
       "         [[1.2775e-02, 1.1608e-01, 2.6982e-01, 1.7246e-01, 2.8575e-01,\n",
       "           1.4311e-01],\n",
       "          [1.5308e-02, 6.0295e-03, 2.4722e-02, 1.3145e-01, 6.7167e-01,\n",
       "           1.5082e-01],\n",
       "          [1.1749e-02, 4.3613e-03, 1.1836e-02, 8.0362e-02, 5.8956e-01,\n",
       "           3.0213e-01],\n",
       "          [4.6116e-02, 1.2136e-02, 2.2578e-02, 6.4676e-02, 3.5401e-01,\n",
       "           5.0048e-01],\n",
       "          [8.0431e-02, 2.3663e-02, 1.3044e-02, 7.6172e-02, 3.1789e-01,\n",
       "           4.8880e-01],\n",
       "          [3.5572e-02, 5.1626e-02, 5.1842e-02, 1.3675e-01, 4.3337e-01,\n",
       "           2.9085e-01]],\n",
       "\n",
       "         [[9.4176e-01, 7.9030e-05, 4.2913e-04, 1.1227e-04, 2.6401e-02,\n",
       "           3.1218e-02],\n",
       "          [4.3417e-01, 4.8631e-04, 1.1335e-01, 1.9914e-05, 2.6795e-01,\n",
       "           1.8402e-01],\n",
       "          [1.8946e-02, 3.3782e-04, 2.5192e-04, 9.7532e-01, 2.2752e-04,\n",
       "           4.9117e-03],\n",
       "          [3.6931e-02, 5.7389e-05, 8.8581e-05, 4.0870e-05, 9.6184e-01,\n",
       "           1.0445e-03],\n",
       "          [5.2363e-02, 2.0039e-06, 6.7295e-05, 5.1992e-06, 2.0382e-03,\n",
       "           9.4552e-01],\n",
       "          [8.3997e-01, 9.1837e-06, 2.6200e-04, 3.3168e-04, 1.3244e-01,\n",
       "           2.6990e-02]],\n",
       "\n",
       "         [[6.0908e-01, 6.6923e-03, 8.8165e-03, 1.0003e-02, 1.9375e-01,\n",
       "           1.7166e-01],\n",
       "          [5.9545e-01, 3.4659e-01, 4.6821e-04, 4.8019e-03, 2.0400e-02,\n",
       "           3.2298e-02],\n",
       "          [7.8003e-01, 1.9790e-03, 1.5874e-01, 3.2912e-03, 2.9015e-02,\n",
       "           2.6952e-02],\n",
       "          [4.5998e-01, 3.3610e-03, 1.0668e-03, 5.1616e-01, 2.9658e-03,\n",
       "           1.6473e-02],\n",
       "          [8.3466e-01, 2.5287e-03, 1.6102e-03, 1.3038e-04, 1.3142e-01,\n",
       "           2.9649e-02],\n",
       "          [9.4416e-01, 9.4359e-04, 8.9077e-04, 6.5542e-04, 3.9821e-02,\n",
       "           1.3527e-02]],\n",
       "\n",
       "         [[9.8249e-02, 1.8870e-01, 2.1671e-01, 2.2150e-01, 1.9394e-01,\n",
       "           8.0900e-02],\n",
       "          [5.9379e-01, 3.6165e-02, 5.5325e-02, 5.9820e-02, 1.2158e-01,\n",
       "           1.3333e-01],\n",
       "          [4.8349e-01, 1.5774e-01, 5.1523e-02, 8.0554e-02, 1.2701e-01,\n",
       "           9.9686e-02],\n",
       "          [5.2737e-01, 1.1439e-01, 3.4059e-02, 2.1564e-02, 1.1351e-01,\n",
       "           1.8911e-01],\n",
       "          [5.3705e-01, 1.4077e-01, 9.5809e-02, 6.9316e-02, 4.6317e-02,\n",
       "           1.1074e-01],\n",
       "          [2.6936e-01, 8.2203e-02, 1.9313e-01, 9.3029e-02, 2.0645e-01,\n",
       "           1.5583e-01]],\n",
       "\n",
       "         [[1.9391e-01, 2.6223e-01, 7.2911e-02, 6.3608e-02, 1.7505e-01,\n",
       "           2.3229e-01],\n",
       "          [1.1530e-01, 3.0733e-02, 4.8600e-01, 9.3311e-03, 4.0426e-02,\n",
       "           3.1821e-01],\n",
       "          [3.7946e-02, 2.8981e-01, 1.7131e-02, 4.6120e-01, 2.6117e-02,\n",
       "           1.6779e-01],\n",
       "          [3.1819e-02, 5.1401e-03, 6.3190e-01, 9.2150e-03, 2.8654e-01,\n",
       "           3.5384e-02],\n",
       "          [2.2999e-02, 9.2023e-02, 3.2884e-02, 1.8482e-01, 1.0938e-01,\n",
       "           5.5789e-01],\n",
       "          [1.1695e-01, 6.0131e-02, 4.9886e-02, 2.4576e-02, 5.6585e-01,\n",
       "           1.8261e-01]],\n",
       "\n",
       "         [[2.1250e-02, 1.4061e-01, 3.5784e-01, 2.5226e-01, 1.1900e-01,\n",
       "           1.0904e-01],\n",
       "          [1.7376e-02, 2.1454e-01, 4.4719e-01, 9.2051e-02, 1.3521e-01,\n",
       "           9.3631e-02],\n",
       "          [3.7079e-03, 2.5909e-01, 1.0989e-01, 2.2299e-01, 3.6542e-01,\n",
       "           3.8894e-02],\n",
       "          [6.7779e-03, 2.5003e-01, 5.0878e-01, 6.6602e-02, 1.0731e-01,\n",
       "           6.0506e-02],\n",
       "          [4.5480e-03, 1.4223e-01, 4.6025e-02, 7.4997e-02, 4.2791e-01,\n",
       "           3.0428e-01],\n",
       "          [1.8892e-02, 1.9942e-01, 2.3884e-01, 1.5781e-01, 2.1279e-01,\n",
       "           1.7227e-01]],\n",
       "\n",
       "         [[8.4567e-01, 1.9215e-02, 2.8295e-02, 1.1924e-02, 2.5679e-02,\n",
       "           6.9219e-02],\n",
       "          [6.2303e-01, 2.0563e-01, 9.6469e-03, 1.5558e-02, 2.2890e-02,\n",
       "           1.2325e-01],\n",
       "          [5.9175e-01, 6.8195e-02, 1.3578e-02, 2.4807e-02, 6.2369e-02,\n",
       "           2.3930e-01],\n",
       "          [5.1468e-01, 5.4829e-02, 4.5036e-03, 3.3256e-01, 1.3007e-02,\n",
       "           8.0415e-02],\n",
       "          [1.2916e-01, 5.1390e-02, 8.1516e-03, 2.5937e-02, 4.4694e-01,\n",
       "           3.3842e-01],\n",
       "          [6.3701e-01, 6.1914e-02, 5.1726e-02, 2.0383e-02, 2.2968e-02,\n",
       "           2.0600e-01]],\n",
       "\n",
       "         [[9.7809e-01, 3.3513e-03, 1.0176e-03, 5.4000e-03, 4.3946e-03,\n",
       "           7.7496e-03],\n",
       "          [1.5992e-03, 7.4031e-03, 9.1923e-01, 4.7741e-02, 1.4891e-02,\n",
       "           9.1398e-03],\n",
       "          [2.8446e-04, 1.6351e-03, 1.0311e-03, 9.1553e-01, 7.4602e-02,\n",
       "           6.9214e-03],\n",
       "          [5.8767e-03, 2.7324e-03, 1.5745e-03, 1.3832e-02, 7.7753e-01,\n",
       "           1.9845e-01],\n",
       "          [1.2549e-02, 6.9258e-04, 1.5603e-03, 6.3401e-03, 8.2963e-02,\n",
       "           8.9590e-01],\n",
       "          [9.8713e-01, 3.4429e-05, 1.4919e-05, 1.8354e-03, 1.5032e-03,\n",
       "           9.4839e-03]],\n",
       "\n",
       "         [[4.1663e-01, 2.5743e-02, 3.3069e-02, 2.7573e-02, 4.8997e-02,\n",
       "           4.4799e-01],\n",
       "          [9.3001e-01, 2.1486e-02, 2.9548e-02, 5.0943e-03, 5.1063e-03,\n",
       "           8.7589e-03],\n",
       "          [5.5021e-02, 8.8170e-01, 3.0817e-02, 7.5048e-03, 2.2834e-02,\n",
       "           2.1212e-03],\n",
       "          [3.3265e-02, 1.9535e-02, 9.0744e-01, 1.3685e-02, 1.4819e-02,\n",
       "           1.1257e-02],\n",
       "          [1.7344e-01, 1.0500e-01, 1.1638e-01, 5.0705e-01, 7.0892e-02,\n",
       "           2.7225e-02],\n",
       "          [7.2889e-02, 9.4428e-03, 1.2270e-02, 2.8002e-02, 4.1791e-01,\n",
       "           4.5948e-01]]]], grad_fn=<SoftmaxBackward0>), tensor([[[[4.5796e-01, 9.9558e-03, 1.0020e-02, 2.2092e-02, 6.5916e-02,\n",
       "           4.3405e-01],\n",
       "          [4.3907e-01, 8.2675e-03, 1.1408e-01, 9.8204e-03, 6.1844e-03,\n",
       "           4.2258e-01],\n",
       "          [2.1006e-01, 5.2901e-01, 3.7502e-03, 1.8742e-03, 3.6851e-02,\n",
       "           2.1846e-01],\n",
       "          [3.0209e-01, 1.3334e-04, 3.6354e-01, 1.5319e-03, 4.1311e-02,\n",
       "           2.9139e-01],\n",
       "          [8.7918e-02, 2.8945e-02, 3.2605e-03, 7.6759e-01, 2.3085e-02,\n",
       "           8.9203e-02],\n",
       "          [4.5857e-01, 9.8717e-03, 9.9597e-03, 2.0971e-02, 6.6149e-02,\n",
       "           4.3448e-01]],\n",
       "\n",
       "         [[4.8193e-01, 1.1602e-02, 8.8104e-03, 1.7128e-02, 1.1999e-02,\n",
       "           4.6853e-01],\n",
       "          [3.1474e-01, 7.1163e-02, 4.9887e-02, 1.0136e-01, 1.3690e-01,\n",
       "           3.2595e-01],\n",
       "          [3.9014e-01, 3.6020e-02, 2.0564e-02, 8.7178e-02, 7.3781e-02,\n",
       "           3.9232e-01],\n",
       "          [3.1234e-01, 3.8946e-02, 3.4755e-02, 1.0206e-01, 1.9775e-01,\n",
       "           3.1415e-01],\n",
       "          [2.3992e-01, 1.0949e-01, 2.6259e-02, 1.5448e-01, 2.2171e-01,\n",
       "           2.4814e-01],\n",
       "          [4.8425e-01, 1.0496e-02, 8.1292e-03, 1.5524e-02, 1.0610e-02,\n",
       "           4.7099e-01]],\n",
       "\n",
       "         [[5.1069e-01, 6.1438e-03, 4.9878e-03, 6.9238e-03, 4.0335e-03,\n",
       "           4.6722e-01],\n",
       "          [4.7653e-01, 5.0583e-02, 2.7117e-03, 2.1191e-03, 2.3314e-03,\n",
       "           4.6572e-01],\n",
       "          [5.0028e-01, 7.4568e-03, 1.6321e-02, 2.6936e-02, 1.3827e-03,\n",
       "           4.4762e-01],\n",
       "          [3.2848e-01, 3.3496e-03, 1.6184e-02, 3.3417e-01, 9.3278e-03,\n",
       "           3.0849e-01],\n",
       "          [3.6816e-01, 8.0717e-04, 3.7680e-03, 3.1093e-03, 2.7731e-01,\n",
       "           3.4684e-01],\n",
       "          [5.1153e-01, 5.9966e-03, 4.8272e-03, 6.7441e-03, 3.8787e-03,\n",
       "           4.6703e-01]],\n",
       "\n",
       "         [[4.8687e-01, 7.3979e-03, 1.0880e-02, 8.6219e-03, 1.9243e-02,\n",
       "           4.6698e-01],\n",
       "          [5.0014e-01, 1.5788e-03, 3.0239e-03, 1.8009e-03, 6.5050e-03,\n",
       "           4.8695e-01],\n",
       "          [5.1184e-01, 4.9481e-04, 2.6633e-03, 1.0177e-03, 2.1155e-03,\n",
       "           4.8187e-01],\n",
       "          [4.9805e-01, 1.6148e-03, 1.3434e-03, 5.8438e-04, 1.5706e-02,\n",
       "           4.8271e-01],\n",
       "          [4.6630e-01, 4.8006e-03, 2.8019e-03, 7.5475e-03, 6.1464e-02,\n",
       "           4.5708e-01],\n",
       "          [4.8775e-01, 7.3541e-03, 1.1193e-02, 8.6431e-03, 1.8064e-02,\n",
       "           4.6699e-01]],\n",
       "\n",
       "         [[5.0407e-01, 3.2516e-03, 1.6857e-03, 5.2000e-03, 4.6808e-03,\n",
       "           4.8111e-01],\n",
       "          [4.5555e-01, 2.6966e-03, 2.2249e-02, 4.3506e-02, 2.6401e-02,\n",
       "           4.4959e-01],\n",
       "          [4.6528e-01, 2.0943e-02, 1.4065e-02, 3.5078e-02, 2.2779e-02,\n",
       "           4.4186e-01],\n",
       "          [4.5422e-01, 2.6247e-02, 1.9440e-02, 7.6879e-04, 5.8099e-02,\n",
       "           4.4123e-01],\n",
       "          [4.4608e-01, 1.0217e-02, 2.3253e-02, 6.6890e-02, 3.1630e-02,\n",
       "           4.2193e-01],\n",
       "          [5.0389e-01, 3.2715e-03, 1.7200e-03, 5.3237e-03, 4.5571e-03,\n",
       "           4.8123e-01]],\n",
       "\n",
       "         [[5.0823e-01, 3.9651e-03, 3.2452e-03, 6.6694e-03, 8.3176e-03,\n",
       "           4.6958e-01],\n",
       "          [3.3131e-01, 3.0003e-02, 3.3974e-02, 2.1939e-01, 5.1599e-02,\n",
       "           3.3372e-01],\n",
       "          [2.8464e-01, 1.2354e-01, 2.2070e-02, 1.8510e-01, 9.4884e-02,\n",
       "           2.8977e-01],\n",
       "          [3.4265e-01, 1.2449e-01, 2.9356e-02, 7.8361e-02, 7.6758e-02,\n",
       "           3.4838e-01],\n",
       "          [2.0905e-01, 2.7633e-01, 5.9915e-02, 2.2473e-01, 2.7211e-02,\n",
       "           2.0277e-01],\n",
       "          [5.0812e-01, 3.9359e-03, 3.2718e-03, 6.7469e-03, 8.2554e-03,\n",
       "           4.6967e-01]],\n",
       "\n",
       "         [[4.2408e-01, 5.7853e-02, 1.1639e-02, 3.6705e-02, 5.7287e-02,\n",
       "           4.1243e-01],\n",
       "          [2.2772e-01, 5.0157e-03, 5.2370e-01, 1.5416e-03, 2.2471e-02,\n",
       "           2.1955e-01],\n",
       "          [9.5063e-02, 2.6253e-03, 4.8142e-04, 8.0560e-01, 2.5728e-03,\n",
       "           9.3655e-02],\n",
       "          [1.9320e-01, 4.2011e-03, 2.2905e-03, 3.9634e-02, 5.6929e-01,\n",
       "           1.9138e-01],\n",
       "          [4.0889e-01, 1.6069e-03, 5.7767e-03, 5.0815e-02, 8.6569e-02,\n",
       "           4.4635e-01],\n",
       "          [4.2828e-01, 5.2866e-02, 1.0938e-02, 3.2818e-02, 5.8016e-02,\n",
       "           4.1708e-01]],\n",
       "\n",
       "         [[4.9374e-01, 1.8794e-03, 1.6721e-03, 7.8292e-03, 1.3881e-02,\n",
       "           4.8100e-01],\n",
       "          [4.5658e-02, 1.9042e-02, 1.7894e-01, 6.6858e-01, 4.1607e-02,\n",
       "           4.6174e-02],\n",
       "          [8.5284e-02, 3.4513e-02, 3.2141e-02, 4.8491e-01, 2.7576e-01,\n",
       "           8.7394e-02],\n",
       "          [3.1328e-01, 4.4708e-03, 1.1908e-02, 7.8309e-02, 2.6020e-01,\n",
       "           3.3183e-01],\n",
       "          [4.5265e-01, 4.6744e-04, 3.0865e-03, 2.2669e-02, 4.5992e-02,\n",
       "           4.7514e-01],\n",
       "          [4.9302e-01, 1.8252e-03, 1.5818e-03, 7.7911e-03, 1.4316e-02,\n",
       "           4.8147e-01]],\n",
       "\n",
       "         [[5.0179e-01, 2.3436e-03, 2.3408e-03, 1.3948e-03, 1.6335e-03,\n",
       "           4.9050e-01],\n",
       "          [4.8683e-01, 2.3453e-02, 6.3497e-03, 2.2505e-03, 3.0763e-03,\n",
       "           4.7804e-01],\n",
       "          [3.7573e-01, 1.5362e-01, 5.1247e-02, 3.8020e-02, 1.4732e-02,\n",
       "           3.6665e-01],\n",
       "          [2.3391e-01, 3.4208e-01, 3.5708e-02, 6.9435e-02, 8.5860e-02,\n",
       "           2.3300e-01],\n",
       "          [1.8780e-01, 2.0536e-01, 1.2163e-01, 1.7935e-01, 1.1679e-01,\n",
       "           1.8906e-01],\n",
       "          [5.0131e-01, 2.3550e-03, 2.3592e-03, 1.4332e-03, 1.5871e-03,\n",
       "           4.9095e-01]],\n",
       "\n",
       "         [[4.6768e-01, 8.4704e-03, 2.4937e-02, 2.1195e-02, 3.4531e-02,\n",
       "           4.4319e-01],\n",
       "          [1.9918e-01, 1.5666e-02, 4.5594e-02, 1.4039e-01, 3.8658e-01,\n",
       "           2.1258e-01],\n",
       "          [3.5665e-01, 8.0429e-03, 5.5945e-02, 9.1399e-02, 1.1006e-01,\n",
       "           3.7790e-01],\n",
       "          [3.9512e-01, 1.0826e-02, 9.8060e-03, 3.8443e-02, 1.3529e-01,\n",
       "           4.1052e-01],\n",
       "          [3.9570e-01, 1.4740e-02, 8.1269e-03, 4.4756e-02, 1.2596e-01,\n",
       "           4.1072e-01],\n",
       "          [4.6962e-01, 8.2135e-03, 2.3811e-02, 2.0081e-02, 3.2780e-02,\n",
       "           4.4549e-01]],\n",
       "\n",
       "         [[5.1298e-01, 1.5625e-03, 2.6582e-03, 1.8296e-03, 2.4127e-03,\n",
       "           4.7855e-01],\n",
       "          [4.7482e-01, 1.3387e-02, 1.0878e-02, 1.6411e-02, 2.5889e-02,\n",
       "           4.5861e-01],\n",
       "          [4.6713e-01, 2.0263e-02, 1.0571e-02, 1.6532e-02, 2.7705e-02,\n",
       "           4.5780e-01],\n",
       "          [4.5023e-01, 4.9340e-02, 2.0061e-02, 1.5284e-02, 2.9271e-02,\n",
       "           4.3581e-01],\n",
       "          [3.7242e-01, 5.5510e-02, 3.3058e-02, 6.0941e-02, 1.0154e-01,\n",
       "           3.7653e-01],\n",
       "          [5.1297e-01, 1.5855e-03, 2.6664e-03, 1.7980e-03, 2.3447e-03,\n",
       "           4.7863e-01]],\n",
       "\n",
       "         [[5.0059e-01, 1.7413e-03, 9.1523e-04, 5.8339e-03, 6.8815e-03,\n",
       "           4.8404e-01],\n",
       "          [4.3327e-01, 3.0781e-02, 1.8540e-02, 4.1750e-02, 4.3144e-02,\n",
       "           4.3252e-01],\n",
       "          [4.6648e-01, 1.6748e-02, 2.3486e-03, 4.6985e-02, 7.2329e-03,\n",
       "           4.6021e-01],\n",
       "          [4.6306e-01, 8.3569e-03, 5.8932e-03, 5.5269e-02, 1.3125e-02,\n",
       "           4.5429e-01],\n",
       "          [4.5754e-01, 3.4543e-02, 7.7011e-03, 2.6113e-02, 2.0748e-02,\n",
       "           4.5336e-01],\n",
       "          [5.0072e-01, 1.7318e-03, 9.1770e-04, 5.7174e-03, 6.6844e-03,\n",
       "           4.8423e-01]]]], grad_fn=<SoftmaxBackward0>), tensor([[[[3.1533e-01, 6.1664e-02, 3.2057e-02, 7.3921e-02, 2.0709e-01,\n",
       "           3.0993e-01],\n",
       "          [3.5292e-01, 9.7867e-02, 7.6420e-02, 5.6472e-02, 6.7811e-02,\n",
       "           3.4851e-01],\n",
       "          [3.7263e-01, 1.6694e-01, 4.0402e-02, 3.4887e-02, 1.7787e-02,\n",
       "           3.6736e-01],\n",
       "          [4.6658e-01, 3.5042e-02, 9.0006e-03, 1.9572e-02, 1.0726e-02,\n",
       "           4.5908e-01],\n",
       "          [3.6866e-01, 7.5453e-02, 4.1273e-02, 4.2048e-02, 1.1026e-01,\n",
       "           3.6231e-01],\n",
